0.366211    0.008738167
0.488281    0.007767282
0.610352    0.006965287
0.732422    0.006491809
0.854492    0.006071028
0.976563    0.005835459
1.09863    0.005700628
1.2207    0.00552212
1.34277    0.005122413
1.46484    0.004882053
1.58691    0.004684572
1.70898    0.004304502
1.83105    0.004055582
1.95313    0.00401733
2.0752    0.003923273
2.19727    0.003779897
2.31934    0.003823645
2.44141    0.003787581
2.56348    0.003639295
2.68555    0.003520566
2.80762    0.003449795
2.92969    0.003408019
3.05176    0.003346296
3.17383    0.003357643
3.2959    0.003332735
3.41797    0.00328125
3.54004    0.003091502
3.66211    0.00298862
3.78418    0.002984578
3.90625    0.002885254
4.02832    0.002908787
4.15039    0.002863851
4.27246    0.002762928
4.39453    0.002810082
4.5166    0.00282343
4.63867    0.002736869
4.76074    0.00274429
4.88281    0.002759191
5.00488    0.002670981
5.12695    0.00264221
5.24902    0.00266376
5.37109    0.002645791
5.49316    0.002550825
5.61523    0.002427844
5.7373    0.002377428
5.85938    0.002396819
5.98145    0.002400065
6.10352    0.002408202
6.22559    0.002379039
6.34766    0.002358194
6.46973    0.002317056
6.5918    0.00224754
6.71387    0.00222785
6.83594    0.002253635
6.95801    0.002281261
7.08008    0.00221882
7.20215    0.002134841
7.32422    0.002158088
7.44629    0.00220236
7.56836    0.002126188
7.69043    0.00204433
7.8125    0.00202642
7.93457    0.002056823
8.05664    0.002133396
8.17871    0.002166871
8.30078    0.002143528
8.42285    0.002055431
8.54492    0.001978974
8.66699    0.002007307
8.78906    0.002022309
8.91113    0.001982997
9.0332    0.00193395
9.15527    0.001931332
9.27734    0.002005948
9.39941    0.002007307
9.52148    0.001955009
9.64355    0.001935258
9.76563    0.00189764
9.8877    0.001841955
10.0098    0.001828291
10.1318    0.0018135
10.2539    0.001775841
10.376    0.001777044
10.498    0.001818417
10.6201    0.001817186
10.7422    0.001766251
10.8643    0.001728404
10.9863    0.001768645
11.1084    0.001800047
11.2305    0.001783069
11.3525    0.001757902
11.4746    0.001754336
11.5967    0.001780657
11.7188    0.001804928
11.8408    0.001777044
11.9629    0.001747225
12.085    0.001710943
12.207    0.00164396
12.3291    0.001679958
12.4512    0.001774641
12.5732    0.00177104
12.6953    0.001736613
12.8174    0.001698251
12.9395    0.00165849
13.0615    0.001649533
13.1836    0.001679958
13.3057    0.001685653
13.4277    0.001682233
13.5498    0.001682233
13.6719    0.001635082
13.7939    0.001575328
13.916    0.001572132
14.0381    0.001606556
14.1602    0.001612003
14.2822    0.001590328
14.4043    0.001587101
14.5264    0.001609822
14.6484    0.001581739
14.7705    0.001572132
14.8926    0.001596799
15.0146    0.001584953
15.1367    0.001549941
15.2588    0.001549941
15.3809    0.001560469
15.5029    0.001499376
15.625    0.001498362
15.7471    0.001523934
15.8691    0.001504459
15.9912    0.00149431
16.1133    0.001488253
16.2354    0.001459324
16.3574    0.001461301
16.4795    0.00148423
16.6016    0.001512629
16.7236    0.001525998
16.8457    0.001506498
16.9678    0.00145046
17.0898    0.001471225
17.2119    0.001492289
17.334    0.001451443
17.4561    0.001422266
17.5781    0.00141267
17.7002    0.001425156
17.8223    0.00143678
17.9443    0.00140409
18.0664    0.001424192
18.1885    0.001446538
18.3105    0.001414584
18.4326    0.001371216
18.5547    0.001359203
18.6768    0.001347295
18.7988    0.001336395
18.9209    0.001368434
19.043    0.001417459
19.165    0.001407897
19.2871    0.001383335
19.4092    0.001369361
19.5313    0.001395563
19.6533    0.001362888
19.7754    0.001336395
19.8975    0.001352777
20.0195    0.001374935
20.1416    0.001364735
20.2637    0.001340019
20.3857    0.001351863
20.5078    0.001317533
20.6299    0.001294548
20.752    0.001301577
20.874    0.001329178
20.9961    0.00133188
21.1182    0.001305107
21.2402    0.001319318
21.3623    0.00129718
21.4844    0.00127714
21.6064    0.001299817
21.7285    0.001337301
21.8506    0.001366583
21.9727    0.001351863
22.0947    0.001305107
22.2168    0.001267666
22.3389    0.001252315
22.4609    0.001295425
22.583    0.00133188
22.7051    0.001310418
22.8271    0.001284945
22.9492    0.001285815
23.0713    0.001286685
23.1934    0.001274549
23.3154    0.001250621
23.4375    0.001244708
23.5596    0.001259968
23.6816    0.001239663
23.8037    0.001205732
23.9258    0.00119922
24.0479    0.001215566
24.1699    0.001259115
24.292    0.001273687
24.4141    0.001239663
24.5361    0.001176705
24.6582    0.001197598
24.7803    0.001233804
24.9023    0.001186303
25.0244    0.001146047
25.1465    0.00115696
25.2686    0.001205732
25.3906    0.001231301
25.5127    0.001242183
25.6348    0.001231301
25.7568    0.001209001
25.8789    0.001206549
26.001    0.001192744
26.123    0.001184698
26.2451    0.001184698
26.3672    0.00119922
26.4893    0.001200033
26.6113    0.00115696
26.7334    0.001166396
26.8555    0.001181494
26.9775    0.001164818
27.0996    0.001162455
27.2217    0.001156178
27.3438    0.001165607
27.4658    0.001175113
27.5879    0.001169559
27.71    0.001180694
27.832    0.001155395
27.9541    0.001118458
28.0762    0.001110161
28.1982    0.001104165
28.3203    0.001120731
28.4424    0.001148377
28.5645    0.001145273
28.6865    0.001107159
28.8086    0.001093011
28.9307    0.001124531
29.0527    0.001163242
29.1748    0.001180694
29.2969    0.001207365
29.4189    0.001160097
29.541    0.001124531
29.6631    0.001115434
29.7852    0.001078313
29.9072    0.001084168
30.0293    0.001126055
30.1514    0.001157744
30.2734    0.001142949
30.3955    0.001123009
30.5176    0.00113447
30.6396    0.001132936
30.7617    0.001132169
30.8838    0.001111665
31.0059    0.001084903
31.1279    0.001092271
31.25    0.001105662
31.3721    0.001083435
31.4941    0.001058068
31.6162    0.001048799
31.7383    0.001063813
31.8604    0.001093752
31.9824    0.001090794
32.1045    0.001084903
32.2266    0.001084903
32.3486    0.001079044
32.4707    0.001079044
32.5928    0.001079774
32.7148    0.001062374
32.8369    0.001058785
32.959    0.001055922
33.0811    0.001044547
33.2031    0.001042428
33.3252    0.001043841
33.4473    0.001042428
33.5693    0.001042428
33.6914    0.001044547
33.8135    0.00103961
33.9355    0.001045962
34.0576    0.001060219
34.1797    0.001055922
34.3018    0.001042428
34.4238    0.001024243
34.5459    0.001022165
34.668    0.001018712
34.79    0.001022857
34.9121    0.001033296
35.0342    0.00103961
35.1563    0.001046671
39.0625    0.0009841434
42.9688    0.000963708
46.875    0.0009177159
50.7813    0.0009829519
54.6875    0.0008751018
58.5938    0.0008242083
62.5    0.0007967803
66.4063    0.0007739224
70.3125    0.0007522302
74.2188    0.000734121
78.125    0.0007188766
82.0313    0.0006940132
85.9375    0.0006736477
89.8438    0.0006672939
93.75    0.0006659402
97.6563    0.0006543223
101.563    0.0006231972
105.469    0.0005959683
109.375    0.0005855716
113.281    0.0005879548
117.188    0.0005776974
121.094    0.0005634088
125    0.0005535796
128.906    0.0005428189
132.813    0.0005326276
136.719    0.0005297511
140.625    0.0005301095
144.531    0.0005403152
148.438    0.0005674182
152.344    0.0005402652
156.25    0.0004910489
160.156    0.0004683478
164.063    0.0004561455
167.969    0.0004533749
171.875    0.000453989
175.781    0.0004457672
179.688    0.0004400709
183.594    0.0004344474
187.5    0.0004237018
191.406    0.0004174389
195.313    0.0004140617
199.219    0.000404915
203.125    0.0004008244
207.031    0.0004016392
210.938    0.0003951671
214.844    0.0003812414
218.75    0.0003822752
222.656    0.0003820164
226.563    0.0003786696
230.469    0.0003773902
234.375    0.0003653252
238.281    0.0003555665
242.188    0.0003517361
246.094    0.0003553258
250    0.0003628608
253.906    0.000347712
257.813    0.0003370518
261.719    0.0003307237
265.625    0.0003199341
269.531    0.0003203678
273.438    0.0003205845
277.344    0.0003141401
281.25    0.0003069927
285.156    0.0003010253
289.063    0.0002996024
292.969    0.000295974
296.875    0.0002849646
300.781    0.0002863182
304.688    0.0002900243
308.594    0.0002894359
312.5    0.0002838098
316.406    0.0002762283
320.313    0.0002771647
324.219    0.0002779163
328.125    0.0002704923
332.031    0.0002641593
335.938    0.0002586739
339.844    0.0002574512
343.75    0.0002560608
347.656    0.0002574512
351.563    0.0002553683
355.469    0.0002517641
359.375    0.0002555413
363.281    0.0002541613
367.188    0.0002435505
371.094    0.0002357643
375    0.0002341739
378.906    0.0002304002
382.813    0.000227456
386.719    0.0002283817
390.625    0.0002304002
394.531    0.0002304002
398.438    0.0002277643
402.344    0.0002263809
406.25    0.0002228836
410.156    0.0002181078
414.063    0.0002157583
417.969    0.0002150292
421.875    0.0002138679
425.781    0.0002092852
429.688    0.0002105642
433.594    0.0002084369
437.5    0.0002036947
441.406    0.0002016369
445.313    0.0002006838
449.219    0.0001995999
453.125    0.0001938739
457.031    0.000190234
460.938    0.0001883123
464.844    0.0001908789
468.75    0.0001937427
472.656    0.0001906207
476.563    0.0001855288
480.469    0.0001816762
484.375    0.0001798408
488.281    0.0001771825
492.188    0.0001776629
496.094    0.000179112
500    0.0001782652
503.906    0.0001771825
507.813    0.0001764644
511.719    0.0001757492
515.625    0.0001756302
519.531    0.0001744454
523.438    0.000170823
527.344    0.0001675024
531.25    0.0001672757
535.156    0.0001658102
539.063    0.0001645802
542.969    0.0001650264
546.875    0.0001643576
550.781    0.0001633593
554.688    0.0001643576
558.594    0.0001619282
562.5    0.000157496
566.406    0.0001542255
570.313    0.0001528743
574.219    0.0001538084
578.125    0.0001559049
582.031    0.0001565394
585.938    0.0001572828
589.844    0.0001543298
593.75    0.0001485893
597.656    0.0001470882
601.563    0.0001494973
605.469    0.0001500041
609.375    0.0001465912
613.281    0.00014462
617.188    0.000143256
621.094    0.0001411384
625    0.0001388641
628.906    0.0001373683
632.813    0.0001381142
636.719    0.0001361648
640.625    0.0001354294
644.531    0.0001353378
648.438    0.0001368115
652.344    0.0001382077
656.25    0.0001351547
660.156    0.0001315443
664.063    0.0001300392
667.969    0.0001270807
671.875    0.000125882
675.781    0.0001259672
679.688    0.0001265656
683.594    0.0001275978
687.5    0.0001257118
691.406    0.0001248636
695.313    0.0001236859
699.219    0.0001227684
703.125    0.0001217753
707.031    0.0001221881
710.938    0.0001226023
714.844    0.0001210356
718.75    0.0001194081
722.656    0.000117962
726.563    0.0001190852
730.469    0.000120382
734.375    0.0001209537
738.281    0.000117087
742.188    0.0001127316
746.094    0.0001121988
750    0.0001113665
753.906    0.0001125029
757.813    0.0001133438
761.719    0.0001123508
765.625    0.0001109151
769.531    0.0001105403
773.438    0.000111744
777.344    0.0001103161
781.25    0.0001092016
785.156    0.0001097945
789.063    0.0001074419
792.969    0.0001057821
796.875    0.0001071513
800.781    0.0001088326
804.688    0.0001068617
808.594    0.0001047844
812.5    0.000105639
816.406    0.0001066449
820.313    0.0001070064
824.219    0.000105639
828.125    0.0001026085
832.031    0.0001010234
835.938    0.0001033054
839.844    0.0001035855
843.75    0.0001015719
847.656    0.0001005458
851.563    0.0001010918
855.469    0.0001010918
859.375    0.0000991267
863.281    0.00009885863
867.188    0.00009832474
871.094    0.00009700265
875    0.00009706828
878.906    0.00009746333
882.813    0.00009825826
886.719    0.00009825826
890.625    0.00009602268
894.531    0.00009460332
898.438    0.00009295292
902.344    0.00009139315
906.25    0.00009114603
910.156    0.00009251352
914.063    0.00009270159
917.969    0.00009226337
921.875    0.00009139315
925.781    0.00009157894
929.688    0.00009139315
933.594    0.00009164094
937.5    0.00009133132
941.406    0.00009010318
945.313    0.00008943478
949.219    0.00008913261
953.125    0.00009034752
957.031    0.00008907231
960.938    0.00008616638
964.844    0.00008414897
968.75    0.0000832425
972.656    0.00008279295
976.563    0.00008296125
980.469    0.00008409204
984.375    0.00008414897
988.281    0.00008495022
992.188    0.00008645853
996.094    0.00008610808
1000    0.00008512287
1003.91    0.00008500773
1007.81    0.00008616638
1011.72    0.00008506528
1015.63    0.00008251322
1019.53    0.00008167967
1023.44    0.00008290513
1027.34    0.00008290513
1031.25    0.00008290513
1035.16    0.0000817903
1039.06    0.00007992943
1042.97    0.00007955159
1046.88    0.00007987535
1050.78    0.00007976728
1054.69    0.00008025473
1058.59    0.0000806905
1062.5    0.00007933649
1066.41    0.00007912197
1070.31    0.0000781109
1074.22    0.0000770084
1078.13    0.00007576745
1082.03    0.00007576745
1085.94    0.00007721719
1089.84    0.00007674822
1093.75    0.00007474863
1097.66    0.00007571619
1101.56    0.00007726947
1105.47    0.00007628207
1109.38    0.00007444565
1113.28    0.00007414393
1117.19    0.00007459699
1121.09    0.00007369359
1125    0.00007329561
1128.91    0.00007399351
1132.81    0.00007374348
1136.72    0.00007369359
1140.63    0.00007399351
1144.53    0.00007329561
1148.44    0.00007231003
1152.34    0.00007309743
1156.25    0.00007344461
1160.16    0.00007339492
1164.06    0.00007275189
1167.97    0.0000716765
1171.88    0.00007196822
1175.78    0.00007172503
1179.69    0.00007047376
1183.59    0.00007033078
1187.5    0.00007080848
1191.41    0.00007085642
1195.31    0.00006915062
1199.22    0.00006703064
1203.13    0.0000675316
1207.03    0.00006845205
1210.94    0.00006952612
1214.84    0.00006826696
1218.75    0.00006586126
1222.66    0.00006488773
1226.56    0.00006471228
1230.47    0.00006466847
1234.38    0.00006488773
1238.28    0.00006689465
1242.19    0.00006730344
1246.09    0.00006554992
1250    0.00006488773
1253.91    0.0000648438
1257.81    0.00006524006
1261.72    0.00006488773
1265.63    0.00006449361
1269.53    0.00006519592
1273.44    0.00006427571
1277.34    0.00006328278
1281.25    0.00006479993
1285.16    0.00006563871
1289.06    0.00006475609
1292.97    0.00006272834
1296.88    0.00006138419
1300.78    0.00006167574
1304.69    0.00006188486
1308.59    0.00006138419
1312.5    0.00006047685
1316.41    0.00006121822
1320.31    0.0000633685
1324.22    0.00006410192
1328.13    0.0000633685
1332.03    0.00006184296
1335.94    0.00006088761
1339.84    0.00006064081
1343.75    0.00006101138
1347.66    0.00006076409
1351.56    0.00006084642
1355.47    0.00006035415
1359.38    0.00005974445
1363.28    0.0000594218
1367.19    0.00005930125
1371.09    0.00005862278
1375    0.00005898099
1378.91    0.00005974445
1382.81    0.00005930125
1386.72    0.00005826671
1390.63    0.00005842469
1394.53    0.00005866247
1398.44    0.00005990643
1402.34    0.00005958291
1406.25    0.00005783448
1410.16    0.00005771715
1414.06    0.00005791284
1417.97    0.00005779535
1421.88    0.00005740545
1425.78    0.00005713408
1429.69    0.00005674867
1433.59    0.0000569796
1437.5    0.0000570568
1441.41    0.00005674867
1445.31    0.00005644217
1449.22    0.00005628956
1453.13    0.00005609937
1457.03    0.00005572091
1460.94    0.00005579641
1464.84    0.00005655691
1468.75    0.00005549508
1472.66    0.00005383014
1476.56    0.00005430593
1480.47    0.00005489727
1484.38    0.00005493444
1488.28    0.00005482302
1492.19    0.00005493444
1496.09    0.0000551207
1500    0.00005426919
1503.91    0.00005372093
1507.81    0.00005285527
1511.72    0.00005217985
1515.63    0.00005285527
1519.53    0.00005346701
1523.44    0.00005426919
1527.34    0.00005445317
1531.25    0.00005383014
1535.16    0.00005317824
1539.06    0.00005321426
1542.97    0.00005278375
1546.88    0.00005200353
1550.78    0.00005214452
1554.69    0.00005210924
1558.59    0.00005253423